# 1
Python time: 9.5367431640625e-07 sec.
NumPy  time: 5.0067901611328125e-06 sec.

# 2
Python time: 1.1920928955078125e-06 sec.
NumPy  time: 9.5367431640625e-06 sec.

# 3
Python time: 2.6226043701171875e-06 sec.
NumPy  time: 3.0994415283203125e-06 sec.

# 4
Python time: 2.384185791015625e-07 sec.
NumPy  time: 1.1920928955078125e-06 sec.

[[7, 9, 7, 7, 7], [0, 9, 5, 0, 0], [0, 9, 5, 0, 0]]
[[7 9 7 7 7]
 [0 9 5 0 0]
 [0 9 0 0 0]]

# 5
Python time: 8.58306884765625e-06 sec.
NumPy  time: 6.4373016357421875e-06 sec.

[50, 51, 52, 53, 54, 55, 56, 57, 58, 59, 60, 61, 62, 63, 64, 65, 66, 67, 68, 69, 70, 71, 72, 73, 74, 75, 76, 77, 78, 79, 80, 81, 82, 83, 84, 85, 86, 87, 88, 89, 90, 91, 92, 93, 94, 95, 96, 97, 98, 99]
[50 51 52 53 54 55 56 57 58 59 60 61 62 63 64 65 66 67 68 69 70 71 72 73
 74 75 76 77 78 79 80 81 82 83 84 85 86 87 88 89 90 91 92 93 94 95 96 97
 98 99]

# 6
Python time: 6.67572021484375e-06 sec.
NumPy  time: 4.76837158203125e-06 sec.

[[0, 1, 2, 3], [4, 5, 6, 7], [8, 9, 10, 11], [12, 13, 14, 15]]
[[ 0  1  2  3]
 [ 4  5  6  7]
 [ 8  9 10 11]
 [12 13 14 15]]

# 7
Python time: 6.67572021484375e-06 sec.
NumPy  time: 1.3113021850585938e-05 sec.

[[1, 1, 1, 1, 1], [1, 0, 0, 0, 1], [1, 0, 0, 0, 1], [1, 0, 0, 0, 1], [1, 1, 1, 1, 1]]
[[1 1 1 1 1]
 [1 0 0 0 1]
 [1 0 0 0 1]
 [1 0 0 0 1]
 [1 1 1 1 1]]

# 8
Python time: 0.0015587806701660156 sec.
NumPy  time: 7.605552673339844e-05 sec.

# 9
Python time: 0.003815889358520508 sec.
NumPy  time: 0.0001690387725830078 sec.

# 10
Python time: 0.17396068572998047 sec.
NumPy  time: 0.0008449554443359375 sec.

# 11
Python time: 1.3589859008789062e-05 sec.
NumPy  time: 6.461143493652344e-05 sec.

[[0.39500059599177034, 0.08552957544972022, 0.24333774872072564], [0.0, 0.0098128051886275, 0.6836707473826146], [0.09300040570365925, 0.45153895798484694, 1.0]]
[[0.64154665 0.88948321 0.        ]
 [0.27599753 0.92971088 0.18200999]
 [1.         0.68599499 0.06834866]]

# 12
Python time: 0.0007948875427246094 sec.
NumPy  time: 0.0001246929168701172 sec.

# 13
Python time: 0.005720853805541992 sec.
NumPy  time: 0.0003085136413574219 sec.

5000
20000

# 14
Python time: 0.001268148422241211 sec.
NumPy  time: 4.0531158447265625e-06 sec.

10000

# 15
Python time: 0.0010216236114501953 sec.
NumPy  time: 3.409385681152344e-05 sec.

f_1 shape is (10000,)
f_2 shape is (10000,)